the row dataset shape is: (10729, 25)
the var filtered dataset shape: (6437, 25)

using the t-test and fdr to filtered the dataset......

getting the 0 period dataset....
t-test filtered dataset shape: (1242, 5)

using the t-test and fdr to filtered the dataset......

getting the 1 period dataset....
t-test filtered dataset shape: (953, 5)

using the t-test and fdr to filtered the dataset......

getting the 2 period dataset....
t-test filtered dataset shape: (962, 5)

using the t-test and fdr to filtered the dataset......

getting the 3 period dataset....
t-test filtered dataset shape: (919, 5)

using the t-test and fdr to filtered the dataset......

getting the 4 period dataset....
t-test filtered dataset shape: (845, 5)


35


the 0 of time period:

result: [[0.86278232866839166, 4.1506534286874146, 0.079207943008693188, 0.40855915576680285, 0.09567677193560388], [1.6009425308650569, 1.5416569803295281, 0.40019174114257111, 0.18307757065797375, 0.1325151218590564], [1.557979162635925, 1.6144124101228312, 0.22766842867098511, 1.7230223599762793, 0.91095430916351527], [0.59123575705034526, 0.16035538423753123, 0.51867249554146067, 0.23196279197765377, 0.44035852395713543], [0.37536689276676327, 0.28431403804945099, 0.15878562201483962, 0.37261723805023295, 0.12228709374831652], [0.15907695897361129, 0.053316054612729515, 0.55800160323551906, 0.2892742637824921, 0.57749117856916543], [0.21434494911382804, 0.086457525681771424, 0.84406529793925833, 0.30505626849815548, 0.60759790901635879], [0.21764922763532393, 0.17574354575263915, 0.5373234993471846, 0.54026541011946538, 0.60680062220212394], [0.63338894845511085, 0.17296754978537821, 0.096771978346616633, 0.096843491556872038, 0.63055651254791723], [1.3056681958021716, 0.90794573853670046, 0.072887548425362825, 0.21523312475684886, 0.10677086349960048], [0.55665133889496321, 0.47712583380765566, 0.80225493152485816, 0.15793515057053006, 0.21546406549810054], [0.43345677042585368, 0.17740660306548506, 0.43553922245816823, 0.27186913447774497, 0.87813399786064217], [0.28125664619254293, 0.66939285033338913, 2.0070037035685711, 0.25255883624644176, 0.47822009394242182], [0.43938109220307964, 0.35951590575817327, 0.086435448446337437, 2.9737924826290025, 0.73272044082000276], [1.6531319505240212, 1.2310220846823379, 0.42236632852752748, 1.1193790292658086, 0.67897319490864916], [0.29622126678038863, 0.37383282734444712, 0.030638906950240886, 0.31969762115958911, 2.7226541582783015], [1.0298651395420033, 0.46942502318748797, 0.081459217615047708, 0.21090241978021221, 0.99210606458320361], [2.4911823144157181, 0.10230967224905793, 0.10025971862593119, 0.2244562652651024, 1.2446246515980275], [0.93936108424399967, 0.80527515988936094, 0.053530857781076552, 2.5283551186807856, 0.57744045567044344], [1.805832445724689, 0.76497075966724282, 0.0089879549704719175, 0.20084973466260039, 0.27842386413605275], [0.17487615446787924, 0.33023120995811284, 0.12728086141320935, 0.20842937198235423, 0.63167590630307369], [1.2544875518497351, 0.22992772966895769, 0.9157851228033419, 0.26418812078814857, 0.32242509426434796], [0.34451948157373219, 0.60720616617256373, 0.055576556757912163, 0.22604484783941065, 0.97182566658810288], [0.70353121824117981, 0.061191636137263472, 1.9723072913971385, 0.39903885131589006, 0.028979453471322629], [0.4913325844116011, 1.2130176737967799, 0.019699523221101467, 0.23189827105703678, 1.3188054967088139], [0.48311938305993668, 0.30671929850281293, 0.7089940834370082, 0.17017293258281763, 0.75652329737403934], [1.6047311928724695, 0.67100016353950187, 0.13162232791091863, 0.29304089190953575, 1.0721361377810563], [0.92691282576649359, 0.3477001068993219, 0.49933491920042017, 0.39010448279778476, 0.59402003224996647], [2.7032506953971525, 0.48378105767224777, 0.3409977258061937, 0.0099330439398159186, 0.4494689524182679], [0.51581104993849636, 0.71457414903397265, 1.2440591190665167, 0.29238436343748142, 0.45325508843079093], [0.40413848434019051, 0.81877783345683119, 0.83034995986054705, 1.2011184898545717, 1.4337711721594268], [1.0722845982053131, 1.0738925916571933, 0.29153797212776555, 0.20765895538345278, 0.94401225763625052], [0.42194543465205059, 0.10974959593787546, 1.3136243776980741, 0.23864624706613438, 0.77471829503194001], [0.93672465122580573, 0.091135259028150561, 0.89518883919337366, 0.3184068233308443, 0.68136186847491487], [0.4550685185102622, 0.44524440909189961, 0.44075393398076002, 0.35404053196945279, 0.061610238039701747]]

35


the 1 of time period:

result: [[0.28223239879026313, 0.59974170745473032, 0.45422486179265603, 0.20976594784343444, 0.49943794709081624], [0.52382662253665235, 0.15905936433944376, 0.043773216294962503, 0.26600495078947234, 0.59657352374331141], [0.64243754338002057, 0.45428337406952934, 0.085469425905250418, 0.071114636759522357, 0.23741258673954102], [0.056366197197397952, 0.49069593111669041, 0.66503908957796631, 0.3821327418590631, 0.59444650363270113], [0.48444469965334042, 0.80951456906108721, 0.1360255777131012, 0.17384832199341246, 3.4733756174754653], [0.15238033650717211, 0.32825009411886619, 0.14355131939118654, 0.23798094372081779, 0.00083983476441764607], [0.07836389840964704, 0.31513607690400547, 0.22131507652023424, 0.3046438125480363, 0.40152823271254345], [0.23506359769151713, 1.029386295247168, 0.047103639601490867, 0.32481511552085784, 0.27903016415818205], [7.9997152243483214, 1.2997429249803638, 0.31709316562811202, 38.940662250966419, 0.79720950915246369], [0.06213910816645133, 2.1289595401285828, 0.37980935977619629, 0.25967001692600189, 0.40039456357130304], [0.034381435899127934, 0.32815904034704485, 0.16228432119956068, 0.233263262171507, 0.7936210909561614], [0.45636917013213985, 0.88049533019244908, 1.3587965396526582, 0.011232427590224416, 1.2486909140355098], [0.35883081250218973, 1.7131192380251437, 1.5796586827518977, 95.860459889094926, 9.8820995875867403], [0.17580602497878189, 1.0366575455881921, 0.121534898416769, 0.18173071032999158, 0.45030783383557593], [0.16418559083515361, 2.1561033231871911, 0.11197362744221889, 0.28434567916260917, 0.25330362501551035], [0.10210653477626633, 0.99939519996863269, 0.065483083629095717, 0.36776419546127442, 0.42270462739092657], [0.030389973293119394, 0.028996360506966464, 0.18449083120767035, 0.20675124153229008, 0.24355836217213439], [0.10600758901479986, 2.2159920920217084, 0.36081028023008593, 0.19894849619918542, 0.25955893937874119], [0.27693169175936277, 1.1078632706844012, 0.64818812715444696, 0.6796200428904583, 0.9579763742499493], [0.5979183045441876, 1.7968483727362001, 1.5737420456389679, 1.3319423412347398, 1.1443641371378395], [0.22543896765029489, 2.7091295960069401, 1.7409329324189096, 3.0163466566031021, 0.44355117835613656], [0.36713406381959718, 0.62053491240631586, 4.3978852885944946, 0.82051282629287337, 1.3629208491837035], [0.94232755738619267, 1.3330742553366011, 0.21406532735469716, 0.27432182753270934, 0.99662872940412683], [1.7776455119797125, 0.10535799415160299, 0.18102814676323045, 0.29536306649550598, 3.5208727653947953], [0.28388396387747883, 5.6080235572417871, 0.035334777099824341, 0.37378450998727675, 63.757659249645293], [0.04433005044544417, 1.2884882997597515, 1.3533984601572164, 0.18658916086020133, 0.33446118708715183], [0.0089080314014816104, 1.0472342256578338, 0.50321358550230466, 0.1841264431840671, 0.27022227411650229], [18.112011008453681, 0.31468717070547741, 0.12898988763804181, 0.57932768011080493, 0.41315124936197589], [0.095822817855000131, 0.74722742860028424, 0.054293796877085146, 0.063826434931402776, 0.18465999182999751], [0.17002225696750686, 2.4192370619136447, 1.1011263530258106, 0.41685006666159719, 5.6269223940578783], [0.2571241314241729, 1.2235244115647619, 0.035323772562364332, 0.07740025910556772, 0.23443899242118579], [0.10940703241039915, 0.41567062197295301, 0.23274720888726005, 0.40744327028672106, 0.85580330407198402], [0.078433658858692509, 0.84124287186220459, 1.3026347711483361, 0.99515658960993347, 1.4897689264622056], [0.071129392649927764, 1.6540319855299765, 0.77158150904113598, 0.23035392292117307, 0.25646895694089156], [0.017724482337239843, 1.1808739504340078, 1.6023283318734718, 1.7060084626836618, 0.11687864245725693]]

38


the 2 of time period:

result: [[0.67518521164736867, 0.24078424221111289, 0.47129223514046337, 0.36232201328421204, 0.11055411042009154], [1.4290331028573591, 0.060835376514219899, 2.3192102452083776, 0.37858139732467488, 1.5305932730000367], [0.66887476723409722, 1.4880009977309576, 0.71570193409135852, 0.54261051119566006, 0.15375783264855139], [1.6774371089341138, 0.148818442606721, 0.72754990010222476, 0.29376731129521944, 1.0402935334578374], [3.3021394830994311, 0.78150493038672808, 0.67203096288504571, 1.2328882207082061, 0.76617886809713343], [0.33240405078432045, 0.18445832348983196, 0.29642340576665638, 0.31800892475529591, 2.5279368347686031], [5.754893690689463, 0.81767485008120533, 1.5892385582555189, 10.527252677991408, 3.3625753171268422], [5.0845095848023005, 0.81253587163766261, 1.6053623368655756, 1.2800097909322359, 1.4653438053930268], [4.291783652135587, 0.24220425169455445, 0.4163874588778223, 0.46690734930293265, 1.8469843345775097], [2.1866683707919834, 0.33627643245517602, 0.24086404974618139, 0.4311497107760866, 1.1100437500478659], [0.95160503996550816, 0.14793633644732052, 0.6184530761887197, 0.15596205540089758, 0.25592075333842695], [1.9352756824611219, 0.62540755191598485, 0.1206242890100654, 0.98080019098686111, 125.42189508259889], [2.4018046642665802, 2.0463400328818233, 1.2793357006046318, 2.418824998140463, 6.3845142186120585], [1.530862364453857, 0.072963204699160983, 156.69782222315595, 0.35589499065472391, 1.2589045862810833], [1.5268176260908435, 0.22518503575857368, 0.59934329334314695, 1.0445402354532551, 2.2599331485224368], [0.66883365414089846, 3.0956664245701333, 0.87239742019838251, 0.77624952513277079, 121.42686736144111], [5.3705964650757005, 0.26279228578025521, 0.21283006487950171, 0.29167551868271663, 0.71162250686749451], [0.097924226919497273, 0.33915559203375395, 0.56676884506976033, 0.18563081708898893, 0.85190543484424264], [0.03427783251796393, 0.38197804174795974, 4.916701059240709, 0.30259101428529295, 0.92581158074806458], [1.0045180872932906, 0.52504959892735115, 0.30844494210001616, 0.36727206363531684, 0.99075831821404259], [1.2110060167286498, 0.83285070803921835, 0.87368085502401149, 0.89003766647132321, 0.63894320560398765], [0.048144237635657526, 0.088668804972984835, 0.37643465507483614, 0.33065477982466512, 0.78995046457019746], [1.0832560159438138, 0.31880535686431166, 0.89223596863526411, 0.40027165847623475, 9.4888868031072171], [52.47498354156717, 0.72776525192282771, 0.38118926004810916, 0.34014441574862692, 1.1523828358802148], [0.13293334306859153, 0.060080895935076997, 0.19541970968523187, 0.17143412989502457, 1.6627576666972492], [0.73110598256129988, 0.85802367379901612, 1.8978317031165084, 0.76579620170387619, 3.8387518752228988], [2.187531752805584, 0.67353050039885332, 1.4595000744382214, 0.74747082983541402, 0.8666163541553874], [4.0177094366528534, 0.70192162689849091, 0.69822225776341884, 0.59734624387092816, 1.6065193322613471], [0.14163059425336674, 0.12165922521916836, 0.46429610633142693, 0.069362513005765153, 1.2616940392657972], [2.7602588557206298, 0.64373270471296851, 0.34984999027326896, 0.60526215311567233, 5.8197999754677623], [0.18903367716676406, 0.21118653948025473, 0.31079190054580369, 2.8344840247570176, 0.83245344903813123], [0.053082583315488263, 1.1911376257678392, 0.26861378144165093, 0.15156192065310151, 0.076159348213462846], [1.0923812304319538, 1.0296752105700127, 5.0693553298433223, 2.5339769365060585, 27.824951632984515], [2.9736983573802931, 0.45691391257106051, 207.80303558841211, 0.72525457968589446, 0.34195684904306756], [0.32129456009920759, 0.24183596227974058, 0.39178236150936441, 0.47448952396659527, 0.71680422401034771], [3.6987933719512354, 1.1826497739777921, 1.1404028850829375, 3.173325169576402, 8.0464869894018669], [1.3501949383697476, 1.0425771538613868, 0.80599647642507766, 2.2987831409223807, 4.246439534781759], [4.4237733073231649, 0.68344814943118248, 1.4381758990456353, 0.8518355597290459, 1.9924211348192906]]

34


the 3 of time period:

result: [[0.12156102504657249, 1.1397892421625138, 0.0077273204577805957, 0.10875205277212395, 0.32717758788190765], [0.39041000175291218, 0.4266471649520972, 0.068508078360215593, 1.0907360416192331, 0.32561606942637789], [0.20192830821917715, 0.59169060906112458, 2.0945450999164059, 0.24473401710465828, 0.41268782959938627], [0.26817888242629762, 1.2370648847182897, 0.069662298079536625, 0.12318888151007201, 0.39116560324342142], [0.087865053649160418, 0.10241565095974926, 0.078651517990696959, 0.54330412312916487, 0.1946114802724852], [0.1327469491330969, 0.61010034926068635, 0.2087043883338727, 1.1271475184755244, 1.2448822955997514], [0.11856473654906693, 1.9976912524848112, 0.89869715860954913, 0.60575808107740858, 2.8341534130521744], [0.38634089120103765, 0.2426947260299826, 0.21369426401839506, 2.6742348977597801, 1.3762046515185395], [0.28986336502525434, 0.27647622393086974, 0.10583208395428258, 0.66029304518160647, 0.7012143909878108], [0.11735237929188175, 51.661955072352981, 0.46254841350207898, 109.36250665162336, 3.0202114396202342], [0.26799103419986864, 0.32167937003244912, 0.36999455123152003, 0.32312119911140086, 0.50120027405268108], [0.32571513702780192, 0.87755624278163646, 0.21063248490961897, 1.0311441811539688, 0.40256999325798337], [0.035881368481930451, 1.7495990452871562, 0.49922192886878314, 0.59042373943032389, 0.78513106546933342], [1.0178554855482265, 2.3429919466102653, 0.19205057294337941, 0.92188481689900792, 0.18243986690556249], [1.7075151911325659, 1.1799807215616769, 0.26935375610206613, 0.89775334854827948, 0.55695161644722257], [0.14240052442357468, 8.7803677027213318, 0.10731395648255525, 0.15580160135641222, 0.27483268575032788], [0.16990486552135037, 0.0094503067280788632, 0.22524961272850175, 1.7439359079232455, 0.81610139518374647], [1.1384302689158963, 2.8078623718849629, 0.22757557062906067, 0.81943023230910395, 2.7116750657959474], [0.4507677826172426, 0.58895147608467247, 0.06305481772797572, 0.93164524944344351, 0.23453249568450613], [2.8507112238042338, 0.62618738392887019, 0.40445418653884219, 1.8076185671659615, 0.34126707253540151], [0.65775958190574113, 0.22115107574380807, 0.32636836763192506, 0.6913587821008047, 0.20073965596401103], [0.2263216437349562, 1.5115957731274987, 3.8494694617482184, 0.11888559863547943, 2.942458534150564], [0.21064344396452325, 3.0615353456214387, 1.3511649230511391, 0.98803078561439706, 0.37936821510641783], [336.76774836266816, 0.34152084885334322, 0.27336654568193797, 0.28506837417924424, 0.89082240417611935], [9.8776465290276931, 0.80526444908963124, 0.60949541510215322, 1.8817920681630413, 8.132912420715126], [0.68095403737503324, 2.243260249188793, 0.45144124507226191, 1.5062433149346381, 1.9649323044979361], [0.23729531211444951, 0.62340456477917783, 0.14905369369650306, 0.76059946404774248, 4.0187567333274936], [1.0773727448992214, 2.0625993354515093, 0.86926749411204507, 0.43678953031054796, 1.0123200945721753], [0.076240185685092235, 3.4430292894611649, 0.16742767754288027, 0.014391923012506689, 0.13893104630849926], [0.67237923093216778, 0.12784741284790946, 0.067938137559769837, 8.7501747740800599, 0.16539503102736045], [0.012809572182439277, 0.60147663373455451, 0.16066784428058167, 0.76096629752548928, 0.32475643047747937], [0.70716250526433488, 0.84214099978071588, 0.26468056263521389, 1.5125597236928621, 1.0079517869151202], [0.10320990164146525, 0.0589668099708038, 0.062966669821824542, 0.69025293879927985, 4.1408349888502585], [0.20444171351915236, 0.61887681559111862, 0.15753582430054017, 0.99584969296730674, 9.1737407412805414]]

37


the 4 of time period:

result: [[0.061875398108049838, 0.34570079293893136, 0.10929818083340587, 0.14784270958955203, 4.183851709354812], [0.67850319624568878, 0.21291819089680242, 1.1537587133462315, 2.5982369012329678, 0.16300583490401166], [0.31847541561431419, 0.14466432706529297, 43.606922540434908, 0.91657980133316785, 1.8293555890752604], [2.9321676965603256, 0.29306531183809142, 0.45393556699881388, 0.46724780730385007, 0.80730053883693076], [0.19682866136228983, 0.044980034504794313, 0.1505229528493193, 0.17577565379632215, 0.4026293317416787], [0.24929802524295683, 0.1075826706796839, 0.027329381434370966, 0.18822538959934873, 0.24785551129847619], [0.062296851030614865, 0.18675649421754045, 0.035518584373295893, 0.12582766838747339, 0.12599439431723025], [0.22243097637823964, 0.010868095018471887, 0.87275759305770062, 1.6458776236042587, 3.5084980219090762], [0.27033248434115026, 0.52255194651839565, 0.66912534319201344, 0.095909434465320187, 0.68588916926726695], [0.25011100499864963, 0.45844808037123036, 0.16434364479665095, 0.43105980041381237, 2.9633782977901406], [0.0015781479747466044, 0.23396191814989398, 0.26469502134386397, 0.19080196159417706, 7.9463256977380476], [0.29931069924300535, 0.63455786545572757, 0.36225621749550557, 0.31598256067745367, 4.3740638726937435], [0.22256239990672944, 0.02441248300719916, 0.038828727247324585, 0.17985218915622286, 0.4518959815941086], [0.020677638238118936, 0.0062398272228349518, 0.055054153463383139, 0.08109308352734558, 1.6193846628992548], [0.27269090727818729, 0.050002678643497486, 32.195439617853502, 0.44727179059805627, 2.6953175535334055], [0.10537941001690197, 0.83699231863922896, 0.44379962560571129, 0.16516013809136693, 0.38478962899679692], [0.033730168684028339, 0.67115466347275665, 0.18584630153596901, 0.042956503975045086, 1.034456878379169], [0.12268486785932711, 0.61947147718998508, 0.035444980164907817, 0.075102402336713586, 2.4996921039469933], [0.22415403512511795, 0.29919890066244398, 0.14035053243398959, 0.40651491195125922, 2.1784589250621109], [0.35505410271301546, 0.33133788191230962, 0.16904316080808854, 0.22856695816642233, 1.095283810876948], [0.066362173141114797, 0.1315640828311988, 0.19053298427285464, 0.39903844099894487, 0.51550289642266689], [0.52074687137262932, 1.4452205195468306, 0.063023050752122153, 0.17485424941168012, 2.0938439386947527], [1.011400527303119, 1.1387772999482844, 6.5547584289949334, 0.55466107827331013, 0.65278498957911757], [1.0545423562519955, 0.11222212680611668, 0.26184777166779405, 0.47110193417206225, 4.62245694960367], [0.048535505164638899, 0.62598951117090407, 0.13061617293171363, 0.38064360262554264, 27.602128399090024], [15.015789116974068, 0.34619236567597822, 1.0227667860630913, 0.42737060359529333, 19.286836168742663], [0.35342991511874894, 1.0931299714388212, 0.05871452269481315, 0.21171074930637832, 41.359640008435719], [0.080111627601381408, 0.038832259160839599, 0.79458060461798219, 0.091635710136924342, 2.8350397480059453], [0.1143518658180287, 1.0442628277194261, 0.028097055060032589, 0.13395463529975549, 2.3094423461506071], [0.56835627910480568, 0.64672406116479275, 4.0629579419798647, 2.7077742682520638, 0.66506379947756278], [0.00077262248569279408, 0.077653786147751147, 0.29206860445871669, 0.33135352850997973, 0.97978320064910007], [0.056143142486120456, 0.22393475307093505, 0.036017654544336412, 0.07797239204762603, 0.67596931929805226], [0.23543754670915018, 0.53166263561362326, 0.080036410894647622, 0.052019430123275326, 2.4008234184563699], [0.43124428474253435, 0.43754950348336924, 0.13505058906981651, 0.073863004822043596, 1.9954926500565999], [0.031675167710316386, 0.22781313367391914, 0.023234150350947731, 0.12861305148864585, 1.2242737197427394], [0.043022263521152716, 0.034613429191387969, 0.33695849503458025, 0.84230896837509162, 22.505377923418092], [0.23724666638663769, 4.3134551741139573, 0.10165945039649564, 0.21038160282050566, 3.2534923375990616]]

using time: 244.35544610023499