the row dataset shape is: (30246, 12)
the var filtered dataset shape: (13638, 12)

using the t-test and fdr to filtered the dataset......

getting the 0 period dataset....
t-test filtered dataset shape: (757, 3)

using the t-test and fdr to filtered the dataset......

getting the 1 period dataset....
t-test filtered dataset shape: (1234, 3)

using the t-test and fdr to filtered the dataset......

getting the 2 period dataset....
t-test filtered dataset shape: (2693, 3)

using the t-test and fdr to filtered the dataset......

getting the 3 period dataset....
t-test filtered dataset shape: (563, 3)


26
the 0 of time period:

result: [[1.6102990479813144, 1.0971609367098136, 5.6627407032809005, 1.1326577018671928], [1.6041486070174771, 0.21312259063575598, 5.7413455696659978, 1.9428577746590983], [3.4290003330369965, 2.3052994290215998, 15.331837613250642, 2.7687947911682831], [0.6177692944475125, 0.86928819625415421, 3.540845519789289, 2.0949328936057947], [4.5423240125655502, 22.255415423339304, 1.431946773428306, 1.2797557096301677], [2.1377091208991561, 0.50317130194587978, 7.0751519720562399, 2.1017939125133389], [3.5097115182331486, 4.3679227262159506, 84.609305907658168, 1.3594393378742082], [0.40029825627998217, 0.0040352666022740059, 0.57458274998963588, 0.35418574539084408], [0.050118285254526371, 0.33715741323989784, 0.73125662639705624, 0.71444540538213497], [3.3958957878733158, 5.9938789402349038, 7.5192446352518774, 0.75528440976013789], [5.6903375053213736, 3.6773045538678351, 12.962208768342725, 0.99575547785520424], [57.642624026099028, 1.9824604860905419, 3.2084701474333253, 2.1475348909688781], [1.1427808470621403, 1.8597971528738322, 7.1806681418366196, 0.70011125360107818], [0.13371395281750964, 1.9311913284316808, 0.25864818129752037, 0.24832627842128555], [13.496834764587941, 0.9378054242186632, 6.476289433940992, 1.2609371567968422], [4.291871359174376, 1.8818488742842907, 17.512560355362076, 2.2967789327186594], [2.3083398983115688, 1.3314044909056599, 4.6103659303024749, 1.6906484951852561], [2.1122614964684936, 0.23229415129728356, 1.5665709066902074, 0.81523349470712136], [0.57267772228734459, 0.049728285989462925, 0.33119116432818485, 0.4888374414499751], [5.6335996185097645, 0.53100934430298696, 34.863429791465208, 0.48505909040856687], [0.75463542729576127, 116.21874716665505, 0.61741229946992371, 1.2609393741583383], [1.7203776404302862, 0.84891343407699582, 2.6256336373843721, 0.72126608193010011], [2.0247297721820705, 3.4565974113083557, 10.252712894531379, 0.80813982214709412], [0.91218750427385453, 0.41208498295355939, 0.95113708992393542, 2.202167388583097], [2.8000996232621964, 1.0469911407798311, 1.7865268406990495, 1.8790553232724276], [0.6596941768452681, 0.4659273253157411, 1.3195267405212994, 0.54034091021028086]]

36
the 1 of time period:

result: [[15.013727210328124, 1.091654794018565, 0.73760098693160081, 0.4000111247590416], [1.2980078730486395, 4.2903231725680628, 2.7715723432748622, 1.4031434178695001], [0.040290449897122056, 0.048683777058825255, 0.13298993851149515, 0.33657354885492424], [1.9761039091022876, 2.5982097277659721, 1.1849847788827061, 0.14009566580113744], [0.46031129571640833, 3.7409331137358746, 2.1938663722006404, 1.3931191300374697], [1.5501215458018378, 31.415649061585178, 2.9946521025408961, 1.8194686125669566], [0.29346812104260445, 9.7603329799581875, 1.1493185870551137, 1.0316428635225474], [0.076630152082161285, 0.12043265567946168, 0.59624975519982149, 0.30937232888046828], [1.4160596920901638, 1.6003550202519585, 2.9604247593495949, 1.19573739187031], [0.41207173968318755, 0.89664705127054878, 2.6690508175697158, 0.39833234490571662], [0.16285251385567465, 0.33576632305929494, 4.1901649933388549, 0.16370653433823795], [0.18155965281343092, 0.47134375325735228, 2.7692353202838365, 0.66538409410685506], [0.42303377714167417, 3.7826123179780748, 2.2578278682115926, 0.73609110421657475], [0.36076489476446677, 0.42732494830037665, 1.8061251210289795, 1.0951737409455018], [1.026043798388077, 26.100127189419439, 2.8579981413663424, 1.6411491607555766], [1.5659837069533595, 2.1943799761803713, 3.72480449529353, 0.44427450708292476], [2.1133452492721645, 17.567513153655838, 1.4034726811381475, 0.68494800829906033], [0.24969293700953507, 0.62939897781296505, 0.49753999307094354, 0.71144758309063605], [0.94373533123841924, 2.9776948046527809, 1.7157612307083798, 1.1458405642853398], [0.52505574310323666, 1.5437077988771162, 3.4247904508338554, 1.4535619180828785], [1.2532651004735513, 77.601674519566842, 0.65798521787983499, 0.32652476636435196], [0.9956990272148597, 0.96773158024340689, 2.0268599078804028, 0.81238979900428399], [0.42435256733847543, 0.75324087173723342, 0.39199778226362064, 0.36515678293092663], [0.5324273408573158, 3.0167454146345589, 5.0620953198415162, 0.6953424873074473], [0.37979924371889612, 1.3569971995762671, 2.491146466609385, 0.92490659047947521], [1.7844935676528122, 15.258098732253856, 1.6056208043361633, 0.5659376523221038], [0.57610045511052888, 1.6434625912796053, 1.1293394763537019, 0.65654312097196521], [2.4459110608087777, 5.1674829333875278, 2.3059799170230546, 1.6795133914120433], [1.4053793583379535, 2.2910767390995375, 2.2115495306026478, 0.081402951333478871], [0.64368940175482492, 5.391096511476932, 2.0588387179956458, 0.79405789788789871], [0.23502190195330086, 0.28997488782701225, 0.90620005867471254, 0.43832598331733436], [0.39919536155183205, 0.69724213304986538, 1.7996339404650883, 0.87154276437276113], [10.796555323902568, 2.5655164324313735, 1.3411017435700201, 0.7291515852991145], [0.34331855772931275, 1.2160617112410732, 2.5198304249525525, 0.60748584382445925], [1.4427002346692379, 3.2325348378324126, 0.77505547456993251, 0.24712003417369685], [0.11002105038186236, 0.79950772169708584, 0.40355807987031683, 0.41387309198150302]]

38
the 2 of time period:

result: [[0.22805926503895499, 0.74831776927381843, 2.2913339365772978, 0.097945523564254719], [0.026898604848781916, 0.039734000589993324, 0.22671743045633513, 0.37052961119268019], [0.60224926641231702, 0.32836933131249441, 0.39262113936571547, 0.14711161405345777], [0.14698682860909565, 0.11612423286708136, 0.10762962374532774, 0.055559240767280686], [0.092641010642493776, 0.08279903356511599, 0.34771885439612837, 0.36660109399632329], [0.33142487656040126, 0.34627062789183244, 0.52273238879544048, 0.47094982362100063], [0.22119442892408805, 0.10348667880294105, 0.45307102286313133, 0.18754258704944851], [0.11800879253183778, 0.14609064609401406, 0.079235558890073055, 0.036120339487966162], [0.30240511092111028, 2.8744355760837439, 0.12045382313747496, 0.033740679639430428], [0.13102844246028286, 0.43070760511969736, 0.96430628183350897, 0.1916464230557493], [1.2792026321641117, 0.40350056425181591, 1.0074963812950135, 0.22583690934629735], [0.42882293044878356, 0.59326786861854575, 4.5933510417635466, 0.10876780249808063], [0.35669618858235375, 0.4448586145024252, 0.9066291928497292, 0.28506998867463601], [0.4315389539133323, 0.019293101741518531, 0.58298991603686356, 0.20894139765259712], [0.18894148798927862, 0.84283488918653338, 0.71777612729797091, 0.35144800759461647], [0.012163952738216022, 0.37822855918156839, 0.45982623240203258, 0.40329897424318012], [0.050907710041112705, 0.12362897558970458, 0.13796763114020719, 0.18203911854184918], [0.11864840582069124, 0.88425308673379577, 0.55432638201879658, 0.13868646598391196], [0.29331068788812059, 0.76363573281960262, 1.0553050738517087, 0.28084973432827293], [0.22125722121992725, 2.015584045647667, 0.062176814846594854, 0.063102813288094819], [0.33559773972136397, 0.099265891564873865, 0.57372539488382623, 0.3200851256496281], [0.050575746465188365, 1.3116876683390324, 0.64718036394647793, 0.25592576356799068], [0.20941259039229235, 11.592612022224497, 0.65302043648312291, 0.15168463819030653], [0.012826603287188246, 0.47667788437229597, 0.54217172332448238, 0.42568467330348242], [0.81683809659192319, 0.35771187994221976, 0.96893251800793334, 0.42246568854511929], [0.063518982621129746, 0.17605179647405073, 0.9066069106031982, 0.0070316734071465348], [0.10817161498009835, 0.034407166962312614, 0.4065738968338472, 0.18752551771415391], [0.082710482234427396, 0.30558814751660252, 1.7170582065375202, 0.18490491413306043], [0.18333672671932758, 0.089926668485778308, 0.27262581647908607, 0.22008466119086459], [0.73474850211569698, 1.135477319041315, 0.53282910320778387, 0.084912893442335644], [0.026841984940734667, 0.057403018419224988, 0.98614164395207293, 0.27673698009748376], [0.045227547219259534, 0.19858271853683038, 0.03257887261146352, 0.093938915340488274], [0.3165829894600164, 0.61442511564723912, 1.4508358179041008, 0.16312111496243598], [1.3217932885183947, 0.28608483072680652, 0.97051709075068504, 0.20229820914765032], [0.044770380837715042, 0.049661822228713307, 0.33778360839182625, 0.047313239522364096], [0.31258277760506259, 2.3601148291587317, 0.15693379991474074, 0.069640568195086086], [0.15993241324125823, 1.9914147575019308, 0.6611418963421718, 0.02785265835038072], [0.51497760553502248, 0.81763801292170668, 0.94140369991442552, 0.46902802692109846]]

19
the 3 of time period:

result: [[0.47950251487652695, 0.29167562144482029, 3.7628049733942386, 0.15073387070048413], [3.567028961923028, 3.7519515869774391, 2.5429353716945911, 86.138735650038313], [12.321590502745373, 20.957453955775726, 8.7209656550199437, 71.975101237765045], [15.080834345521584, 22.504347688535166, 3.8878108302599261, 0.58998481522184043], [0.33221618709280504, 21.320452691573042, 0.84417330032315341, 0.37872403095091034], [2.4186469786043396, 13.046667068408896, 1.2137097731924922, 0.34471874065014629], [10.937241679967237, 11.81395733145434, 5.3555738178835055, 1.5448614148450917], [21.883873215119348, 12.299033559193688, 4.8914748906221641, 0.59022756622732453], [3.0465660031455739, 10.669838564025442, 1.6747810069604527, 0.71133280474891836], [15.7198751276933, 10.911690599227796, 2.9273247152419875, 1.1556318364057161], [2.339875626566148, 2.533072295030268, 0.68789783722942288, 1.4392768316437254], [11.838518334561275, 8.3424037813349177, 1.1447072265204348, 1.4525195614326785], [3.187820592207752, 7.2943202397471296, 2.478869979272412, 44.540472406326352], [8.8954012590900771, 10.255419094863248, 0.98809469957744578, 0.29415231435573408], [4.5160108163583201, 8.1965181161445262, 2.1164590295644214, 1.5882824117399295], [2.6659175391890209, 5.2954465383096263, 0.68949201283561479, 0.43387355120987153], [3.855774508893369, 9.5131621823679744, 0.31222885789579957, 4.0034988001623786], [6.9630901618476786, 6.1477289050738264, 0.91893691920363463, 4.3844438463063842], [2.9980349405565776, 13.544009202971539, 4.625884289731454, 17.180476198578113]]

